,PA-56,PhA,am-based,met-based
0,81.6,3.0,7.6,7.8
1,82.7,0.3,4.3,12.7
2,82.1,3.7,9.4,4.8
3,81.7,3.8,3.1,11.4
4,80.1,4.1,8.5,7.3
5,80.1,2.2,6.8,10.9
6,83.6,4.0,1.6,10.8
7,80.3,4.3,4.6,10.8
8,80.2,0.1,8.0,11.7
9,96.9,0.0,3.0,0.1
10,83.0,2.1,3.7,11.2
11,85.4,1.2,9.9,3.5
12,93.6,3.7,1.5,1.2
13,83.5,2.2,9.4,4.9
14,95.5,3.9,0.0,0.6
