,PA-56,PhA,Mel,THAM,CS,BN,ZnBO,CaBO,HNT
0,82.1,4,3.4,4.2,0,0,0,0,6.3
1,82.4,1.6,6.5,2.8,0,0,0,6.7,0
2,81.8,3.2,4,0,1.7,0,9.3,0,0
3,80.3,4.2,0,0,0,6.6,0,8.9,0
4,81.4,1.7,3,0,1.5,0,0,12.4,0
5,81.7,1.8,0,0,3.8,0,0,12.7,0
6,83.6,0.4,0,0,3.2,0,0,12.8,0
7,84.1,4.7,0,0,9.4,0,0,1.8,0
8,80.1,4.1,0,0,8.5,0,0,7.3,0
9,80.1,2.2,0,0,0,6.8,0,10.9,0
10,84.1,0,0,6,0,0,0,0,9.9
11,82.8,2.5,0,0,6.4,0,8.3,0,0
12,81.6,3,0,0,7.6,0,7.8,0,0
13,80.3,1.9,6.6,3.2,0,0,8,0,0
14,80.2,0.1,4.6,0,3.4,0,11.7,0,0