,PA-56,PhA,am-based,met-based
0,85.6,2.5,6.9,5.0
1,80.5,3.6,6.7,9.2
2,94.0,0.0,3.8,2.2
3,82.4,3.0,9.5,5.1
4,83.9,3.9,0.9,11.3
5,95.4,0.9,3.7,0.0
6,81.3,2.9,7.3,8.5
7,82.8,1.8,3.2,12.2
8,92.6,4.3,0.0,3.1
9,80.0,5.0,9.6,5.4
10,84.9,0.2,9.3,5.6
11,81.4,0.1,4.6,13.9
12,95.6,3.1,1.0,0.3
13,80.9,3.3,8.7,7.1
14,92.8,4.4,1.0,1.8
