,PA-56,PhA,am-based,met-based
0,80.1,5.0,6.9,8.0
1,90.6,4.8,3.8,0.8
2,95.1,0.3,4.1,0.5
3,88.4,2.3,9.2,0.1
4,84.6,0.7,9.2,5.5
5,82.6,1.6,3.1,12.7
6,83.0,2.4,7.6,7.0
7,84.9,0.2,3.5,11.4
8,80.3,2.3,7.8,9.6
9,92.5,4.3,2.8,0.4
10,81.6,3.0,10.0,5.4
11,80.6,4.6,8.8,6.0
12,95.3,3.3,0.3,1.1
13,92.3,4.7,0.6,2.4
14,80.6,2.6,2.8,14.0
