,PA-56,PhA,am-based,met-based
0,80.4,3.4,5.1,11.1
1,87.6,2.2,0.4,9.8
2,82.7,4.1,8.6,4.6
3,98.9,0.7,0.2,0.2
4,81.0,4.9,9.8,4.3
5,85.5,2.1,9.8,2.6
6,82.0,2.3,8.9,6.8
7,85.3,4.8,9.1,0.8
8,80.4,0.8,5.1,13.7
9,80.5,3.5,8.4,7.6
10,91.2,4.8,0.3,3.7
11,95.2,3.1,0.3,1.4
12,86.0,0.0,9.5,4.5
13,82.1,2.9,1.0,14.0
14,93.0,4.7,1.1,1.2
